# Data collection last updated: 2026-03-19 09:50:24
# Summary: tomorrow=24
[tomorrow]
id,timestamp,temperature,humidity,irradiance,wind_speed,source,wind_power_density,solar_energy_yield
1,2026-03-19T09:00:00Z,29.99,60.00,0.00,1.50,tomorrow,2.07,0.000
2,2026-03-19T10:00:00Z,28.94,52.00,0.00,1.90,tomorrow,4.20,0.000
3,2026-03-19T11:00:00Z,27.38,60.00,0.00,3.50,tomorrow,26.26,0.000
4,2026-03-19T12:00:00Z,26.88,60.00,0.00,2.90,tomorrow,14.94,0.000
5,2026-03-19T13:00:00Z,26.44,62.00,0.00,2.60,tomorrow,10.77,0.000
6,2026-03-19T14:00:00Z,26.06,63.00,0.00,2.50,tomorrow,9.57,0.000
7,2026-03-19T15:00:00Z,25.81,61.00,0.00,2.60,tomorrow,10.77,0.000
8,2026-03-19T16:00:00Z,25.56,62.00,0.00,2.10,tomorrow,5.67,0.000
9,2026-03-19T17:00:00Z,25.25,66.00,0.00,2.00,tomorrow,4.90,0.000
10,2026-03-19T18:00:00Z,25.00,68.00,0.00,2.20,tomorrow,6.52,0.000
11,2026-03-19T19:00:00Z,24.88,70.00,0.00,2.40,tomorrow,8.47,0.000
12,2026-03-19T20:00:00Z,24.88,68.00,0.00,2.50,tomorrow,9.57,0.000
13,2026-03-19T21:00:00Z,24.75,66.00,0.00,1.90,tomorrow,4.20,0.000
14,2026-03-19T22:00:00Z,24.56,66.00,0.00,2.20,tomorrow,6.52,0.000
15,2026-03-19T23:00:00Z,25.44,64.00,0.00,2.80,tomorrow,13.45,0.000
16,2026-03-20T00:00:00Z,26.94,57.00,0.00,1.90,tomorrow,4.20,0.000
17,2026-03-20T01:00:00Z,28.56,49.00,0.00,1.20,tomorrow,1.06,0.000
18,2026-03-20T02:00:00Z,30.06,45.00,0.00,0.60,tomorrow,0.13,0.000
19,2026-03-20T03:00:00Z,30.38,47.00,0.00,1.30,tomorrow,1.35,0.000
20,2026-03-20T04:00:00Z,29.63,50.00,0.00,2.30,tomorrow,7.45,0.000
21,2026-03-20T05:00:00Z,29.75,51.00,0.00,2.60,tomorrow,10.77,0.000
22,2026-03-20T06:00:00Z,28.81,57.00,0.00,3.20,tomorrow,20.07,0.000
23,2026-03-20T07:00:00Z,29.50,53.00,0.00,1.90,tomorrow,4.20,0.000
24,2026-03-20T08:00:00Z,28.06,59.00,0.00,1.20,tomorrow,1.06,0.000
